60
20
0,0,0,0,0,0,0,0,0,0,0,0,0,0,0,0,0,0,0,0,0,0,0,0,0,0,0,0,0,0,0,0,0,0,0,0,0,0,0,0,0,0,0,0,0,0,0,0,0,0,0,0,0,0,0,0,0,0,0,0,
0,0,0,0,0,0,0,0,0,0,0,0,0,0,0,0,0,0,0,0,0,0,0,0,0,0,0,0,0,0,0,0,0,0,0,0,0,0,0,0,0,0,0,0,0,0,0,0,0,0,0,0,0,0,0,0,0,0,0,0,
0,0,0,0,0,0,0,0,0,0,0,0,0,0,0,0,0,0,0,0,0,0,0,0,0,0,0,0,0,0,0,0,0,0,0,0,0,0,0,0,0,0,0,0,0,0,0,0,0,0,0,0,0,0,0,0,0,0,0,0,
0,0,0,0,0,0,0,0,0,0,0,0,0,0,0,0,0,0,0,0,0,0,0,0,0,0,0,0,0,0,0,0,0,0,0,0,0,0,0,0,0,0,0,2,4,4,4,4,4,4,4,8,0,0,0,0,0,0,0,32,
0,0,0,0,0,0,0,0,0,0,0,0,0,0,0,0,0,0,0,0,0,0,0,0,0,0,0,0,0,0,0,0,0,0,0,0,0,0,0,0,0,0,0,0,0,0,0,0,0,0,0,0,0,0,0,0,0,0,0,0,
0,0,0,0,0,0,0,0,0,0,0,0,0,0,0,0,0,0,0,0,0,0,0,0,0,0,0,0,0,0,0,0,0,0,0,0,0,0,0,32,0,0,0,0,0,0,0,0,0,0,0,0,0,0,0,0,0,0,0,0,
0,0,0,0,0,0,0,0,0,0,0,0,0,0,0,0,0,0,0,0,0,0,0,0,0,0,0,0,0,0,0,0,0,0,0,0,0,0,0,0,0,0,0,0,0,0,0,0,0,0,0,0,0,0,0,0,0,0,0,0,
0,0,2,4,4,4,8,0,0,0,0,0,0,0,0,0,0,0,0,0,0,0,0,0,0,0,0,0,0,0,0,0,0,0,0,0,0,0,0,0,0,0,0,0,0,0,0,0,0,0,0,0,0,0,0,0,0,0,0,0,
0,0,0,0,0,0,0,0,0,0,0,0,0,0,0,0,0,0,0,0,0,0,0,0,0,0,0,0,0,0,0,0,0,0,0,0,0,0,0,0,0,27,4,4,28,0,0,0,0,0,0,0,0,0,0,0,0,0,0,0,
0,0,0,0,0,0,0,0,0,0,0,0,0,0,0,0,0,0,0,0,0,0,0,0,0,0,0,0,0,0,0,0,0,0,0,0,0,0,0,0,0,31,0,0,31,0,0,0,0,0,0,0,0,0,0,0,0,0,0,0,
0,0,0,0,0,0,0,0,0,0,0,0,0,27,4,4,4,4,4,28,0,0,0,0,0,0,0,0,0,0,0,0,0,0,0,0,0,0,0,0,0,31,0,0,31,0,0,0,0,0,0,0,0,0,0,0,0,0,0,0,
0,0,0,0,0,0,0,2,4,4,4,4,4,29,0,0,0,0,0,34,4,4,4,4,4,8,0,0,0,0,0,0,0,0,0,0,0,32,0,0,0,30,4,4,29,0,0,0,0,0,0,0,0,0,0,0,0,0,0,0,
0,0,0,0,0,0,0,0,0,0,0,0,0,0,0,0,0,0,0,31,0,0,0,0,0,0,0,0,0,0,0,0,0,0,0,0,0,0,0,0,0,0,0,0,0,0,0,0,0,0,0,0,0,0,0,0,0,0,0,7,
0,0,0,0,0,0,0,0,0,0,0,0,0,2,4,4,4,4,4,29,0,0,0,0,0,0,0,0,0,0,0,0,0,0,0,0,0,0,0,0,0,0,0,0,0,0,0,0,0,0,0,0,0,0,0,0,0,0,0,31,
0,0,0,0,0,0,0,0,0,0,0,0,0,0,0,0,0,0,0,0,0,0,0,0,0,0,0,2,4,8,0,2,4,8,0,0,0,0,0,0,0,0,0,0,0,0,0,0,0,0,0,0,0,0,0,0,0,0,0,31,
0,0,0,0,0,0,0,0,2,4,4,4,8,0,0,0,0,0,0,0,0,0,0,0,0,0,0,0,0,0,0,0,0,0,0,0,0,0,0,0,0,0,0,0,0,0,0,0,0,0,0,0,0,0,0,0,0,0,0,31,
0,0,0,0,0,0,0,0,0,0,0,0,0,0,0,0,0,0,0,0,0,0,0,0,0,0,0,0,0,0,0,0,0,0,0,0,0,0,0,0,0,0,0,0,0,0,0,0,0,0,0,0,0,0,0,0,0,0,0,31,
0,0,0,0,0,0,0,0,0,0,0,0,0,0,0,0,0,0,0,0,0,0,0,0,0,0,0,0,0,0,0,0,0,0,0,0,0,0,0,0,0,0,0,0,0,0,0,0,32,0,0,0,0,0,0,0,0,0,0,31,
0,0,0,0,0,0,0,0,0,0,0,0,0,2,4,4,4,4,4,4,8,0,0,0,0,0,0,2,4,4,4,4,4,8,0,0,0,0,0,0,0,0,0,0,0,0,0,0,0,0,0,0,0,0,0,0,0,0,0,31,
2,4,4,4,4,4,4,8,0,0,0,0,0,0,0,0,0,0,0,0,0,0,0,0,0,0,0,0,0,0,0,0,0,0,0,0,0,0,0,0,32,0,0,0,0,0,0,0,0,0,2,4,4,4,4,4,4,4,4,29,
2
Artifact 1.6.1
3015
3776
64
Artifact 1.6.2
3016
1024
768
90
2000
3456
1024
2012
2688
832
2012
2688
896
2012
2816
896
2012
2816
960
2012
2816
1024
2012
2816
448
2011
3008
128
2011
1856
832
2011
2048
1088
2012
1216
960
2012
1152
960
2012
1152
1024
2012
896
1024
2012
640
832
2012
640
896
2012
640
1152
2012
640
1216
2012
320
640
2012
320
704
2012
320
768
2012
256
768
2012
256
832
2012
256
704
2012
256
896
2011
1152
768
2011
1408
640
2011
576
640
2011
3648
1152
2009
448
1152
2008
768
1088
2008
2304
640
2008
2688
128
2003
2048
832
2003
1792
1088
2003
1856
1088
2002
1856
1088
2002
3328
1152
2002
3392
1152
2002
3264
1152
2006
3776
640
2003
192
384
2004
256
384
2003
960
576
2003
1024
576
2002
1024
576
2003
64
1152
2003
128
1152
2003
3136
128
2012
2816
1088
2012
2688
960
2012
960
960
2011
128
384
2755
192
1088
2016
2816
384
2014
2816
640
2014
2816
704
2014
2816
768
2016
2816
832
2014
2816
320
2014
2816
192
2014
2752
512
2014
2688
512
2016
2752
576
2014
2688
576
2014
2688
704
2016
2688
768
2015
2688
640
2015
2816
256
2016
640
768
2014
640
704
2014
640
960
2016
640
1088
2014
640
1024
2016
896
960
2016
960
896
2015
896
896
2014
896
832
2014
960
832
2016
1152
896
2016
1216
896
2014
1152
832
2014
1216
832
2016
256
640
2016
320
576
2014
256
576
2014
256
448
2014
320
512
2014
320
448
2015
256
512
