30
60
0,0,0,0,0,0,0,0,0,0,0,0,0,0,0,0,0,0,0,0,0,0,0,0,0,0,0,0,0,0,
0,0,0,0,0,0,0,0,0,0,0,0,2,4,8,0,0,0,0,0,0,0,0,0,0,0,0,0,0,0,
4,41,0,0,0,0,0,0,0,0,0,0,0,0,0,0,0,0,0,0,0,0,0,0,0,0,0,0,0,0,
0,0,0,0,0,0,0,0,0,0,0,0,0,0,0,0,0,0,0,0,0,0,0,0,0,0,0,0,0,0,
0,0,43,0,0,0,0,0,0,0,0,0,0,0,0,0,0,0,0,0,0,0,0,0,0,0,0,0,0,0,
0,0,0,0,0,0,0,0,0,0,0,0,0,0,0,0,0,0,0,0,0,0,0,0,0,0,0,0,0,0,
0,0,0,0,0,0,32,0,0,0,0,0,0,0,0,0,0,0,0,0,0,32,0,0,0,0,0,0,0,0,
32,0,44,0,0,0,0,0,0,0,0,0,0,0,0,0,0,0,0,0,0,0,0,0,0,0,0,0,0,0,
0,0,0,0,0,0,0,0,0,0,0,0,2,4,8,0,0,0,0,0,0,0,0,0,0,0,0,0,0,0,
0,0,0,0,0,0,0,0,0,0,0,0,0,0,0,0,0,0,0,0,0,0,0,0,0,0,0,0,0,32,
0,0,0,0,0,0,0,0,0,0,0,0,0,0,0,0,0,0,0,0,0,0,0,0,0,0,0,0,0,0,
0,0,0,7,0,0,0,0,0,0,0,0,0,0,0,0,0,0,0,0,0,0,0,0,0,0,0,0,0,42,
0,0,45,29,0,0,0,0,0,0,0,0,0,0,0,0,0,0,0,0,0,0,0,0,0,0,0,32,0,0,
0,0,31,0,0,0,0,0,0,0,0,0,0,0,0,0,0,0,0,0,0,0,0,0,0,0,0,0,0,0,
4,4,29,0,0,0,0,0,0,0,0,0,0,0,0,0,0,0,0,0,0,0,0,0,0,0,0,0,0,0,
0,0,0,0,0,0,0,0,0,0,0,0,0,0,0,0,0,0,0,0,0,0,0,0,0,0,0,32,0,0,
0,0,0,0,0,0,0,0,0,0,0,0,0,0,0,0,0,0,0,0,0,0,0,0,0,0,0,0,0,0,
0,0,0,0,0,0,0,0,0,0,0,0,0,0,0,0,0,0,0,0,0,0,0,0,0,0,0,0,0,0,
0,0,0,0,0,0,0,0,0,0,0,0,0,0,0,0,0,0,0,0,0,0,0,0,0,0,0,0,0,0,
0,0,32,0,0,0,0,0,0,0,0,0,0,0,0,0,0,0,32,0,0,0,0,0,0,0,0,0,0,0,
0,0,0,0,0,0,0,0,0,0,0,0,0,0,0,0,0,0,0,0,0,0,0,0,0,0,0,0,0,0,
0,0,0,0,0,0,0,0,0,0,0,0,0,0,0,0,0,0,0,0,0,0,0,0,0,0,0,0,0,0,
0,0,0,0,0,0,0,0,0,0,0,0,0,0,0,0,0,0,0,0,0,0,0,0,0,0,0,0,0,0,
0,0,0,0,0,0,0,0,0,0,0,0,0,0,0,0,0,0,0,0,0,0,0,0,0,0,0,0,0,0,
32,0,0,0,0,0,0,0,0,0,0,0,0,0,0,0,0,0,0,0,0,0,0,0,0,0,0,0,0,0,
0,0,0,0,0,0,0,0,0,0,0,0,0,0,0,0,0,0,0,0,0,0,0,0,0,0,0,0,0,0,
0,0,0,0,0,0,0,0,0,0,0,0,0,0,0,0,0,0,0,0,0,0,0,0,0,0,0,0,0,0,
0,0,0,0,0,0,0,0,0,0,0,0,0,0,0,0,0,0,0,0,0,0,0,0,0,0,0,0,0,0,
0,0,0,0,0,0,0,0,0,0,0,0,0,0,0,0,0,0,0,0,0,0,0,0,0,0,0,0,0,0,
0,0,32,0,0,0,0,0,0,0,0,0,0,0,0,0,0,0,0,0,0,0,0,0,0,0,0,0,0,0,
0,0,0,0,0,0,0,0,0,0,0,0,0,0,0,0,0,0,0,0,0,0,0,0,0,0,0,0,0,0,
4,41,0,0,0,0,0,0,0,0,0,0,0,2,8,0,0,0,0,0,0,0,0,0,0,0,0,0,0,0,
0,0,0,0,0,0,0,0,0,0,0,0,0,0,0,0,0,0,0,0,0,0,0,0,0,0,0,0,0,0,
0,0,0,0,0,0,0,0,0,0,0,0,0,0,0,0,0,0,0,0,0,0,0,0,0,0,0,0,0,0,
0,0,43,0,0,0,0,0,0,0,0,0,0,0,0,0,0,0,0,0,0,0,0,0,0,0,0,0,0,0,
0,0,0,0,0,0,0,0,0,0,0,0,0,0,0,0,0,0,0,0,0,0,0,0,0,0,0,0,0,0,
0,0,0,0,0,0,0,32,0,0,0,0,0,0,0,0,0,0,0,0,32,0,0,0,0,0,0,0,0,0,
0,0,44,0,0,0,0,0,0,0,0,0,0,0,0,0,0,0,0,0,0,0,0,0,0,0,0,0,0,0,
0,0,0,0,0,0,0,0,0,0,0,0,0,0,0,0,0,0,0,0,0,0,0,0,0,0,0,0,43,0,
32,0,0,0,0,0,0,0,0,0,0,0,0,0,0,0,0,0,0,0,0,0,0,0,0,0,0,0,0,0,
0,0,0,0,0,0,0,0,0,0,0,0,0,0,0,0,0,0,0,0,0,0,0,0,0,0,0,0,0,0,
0,0,0,0,0,0,0,0,0,0,0,0,0,0,0,0,0,0,0,0,0,0,0,0,0,0,0,32,0,0,
0,0,0,0,0,0,0,0,0,0,0,0,0,0,0,0,0,0,0,0,0,0,0,0,0,0,0,0,0,0,
0,0,0,0,0,0,0,0,0,0,0,0,0,0,0,0,0,0,0,0,0,32,0,42,4,4,4,4,4,4,
0,0,0,0,0,0,0,0,0,0,0,0,0,0,0,0,0,0,0,0,0,0,0,0,0,0,0,0,0,0,
0,0,0,0,0,0,0,32,0,0,0,0,0,0,0,0,0,0,0,0,0,0,0,0,0,0,0,0,0,0,
0,0,43,0,0,0,0,0,0,0,0,0,0,0,0,0,0,0,0,0,0,0,0,0,0,0,0,0,44,0,
0,0,0,0,0,0,0,0,0,0,0,0,0,0,0,0,0,0,0,0,0,0,0,0,0,0,0,0,0,0,
0,0,0,0,0,0,0,0,0,0,0,0,0,0,0,0,0,0,0,0,0,0,0,0,0,0,0,0,0,0,
0,0,0,0,0,0,0,0,0,0,0,0,0,0,0,0,0,0,0,0,0,0,43,0,0,0,0,0,0,0,
0,0,44,0,0,0,0,0,0,0,0,0,0,0,0,0,0,0,0,0,0,0,0,0,0,0,0,0,0,0,
0,0,0,0,0,0,0,0,0,0,0,0,0,0,0,0,0,0,0,0,0,0,0,0,0,0,0,0,0,0,
0,0,0,0,0,0,0,0,0,0,0,0,0,0,0,0,0,0,0,0,0,0,44,0,0,0,0,0,0,0,
0,0,0,0,0,0,0,0,0,0,0,0,0,0,0,0,0,0,0,0,0,0,0,0,0,0,0,0,0,0,
0,0,0,0,0,0,0,0,0,0,0,0,0,0,0,0,0,0,0,0,0,0,0,0,0,0,0,32,0,0,
0,0,0,0,0,0,0,0,32,0,0,0,0,0,0,0,0,0,32,0,0,0,0,0,0,0,0,0,0,0,
0,0,0,0,0,0,0,0,0,0,0,0,0,0,0,0,0,0,0,0,0,0,0,0,0,0,0,0,0,0,
0,0,0,0,0,0,0,0,0,0,0,0,0,0,0,0,0,0,0,0,0,0,0,0,0,0,0,0,0,0,
0,0,0,0,0,0,0,0,0,0,0,0,0,0,0,0,0,0,0,0,0,0,0,0,32,0,0,0,0,0,
0,0,0,0,0,0,0,0,0,0,0,2,4,4,4,8,0,0,0,0,0,0,0,0,0,0,0,0,0,0,
2
Artifact 1.10.1
3026
1536
3584
Artifact 1.10.2
3027
0
2368
184
2026
128
3776
2026
128
3712
2026
128
3648
2026
128
3584
2026
128
3520
2026
128
3456
2026
128
3392
2026
128
2816
2026
128
2752
2026
128
2688
2026
128
2624
2026
128
2560
2026
128
2496
2026
128
2048
2026
128
1984
2021
128
1920
2020
64
1920
2019
0
1920
2000
768
3584
2030
1472
2688
2031
1536
2688
2032
1600
2688
2033
1664
2688
2018
1728
2688
2018
1856
2688
2026
1408
2752
2026
1408
2816
2026
1408
2880
2026
1408
2944
2026
1408
3584
2026
1408
3648
2026
1408
3712
2026
1408
3776
2029
1408
2688
2034
1792
2496
2034
1792
2560
2034
1792
2624
2034
1792
2688
2018
1792
2688
2034
1792
2816
2034
1792
2880
2026
1408
3520
2026
1408
3456
2026
1408
3392
2026
1408
2944
2026
1408
3008
2026
1408
3072
2034
1408
3200
2034
1408
3264
2026
1792
2368
2026
1792
2304
2026
1792
2240
2026
1792
2176
2026
1792
2112
2026
1792
2048
2026
1792
1984
2026
1792
1920
2026
1792
1856
2026
1792
1792
2026
1792
1728
2026
1792
1664
2026
1792
1600
2026
1792
1536
2026
1792
1472
2026
1792
1408
2026
1792
1344
2026
1792
1280
2026
1792
1216
2026
1792
1152
2026
1792
1088
2026
1792
1024
2026
1792
960
2032
1856
640
2031
1792
640
2026
1792
896
2026
1792
832
2026
1792
768
2026
1792
704
2026
1792
3008
2026
1792
3072
2026
1792
3136
2026
1792
3200
2026
1792
3264
2026
1792
3328
2026
1792
3392
2026
1792
3456
2026
1792
3520
2026
1792
3584
2026
1792
3648
2026
1792
3712
2026
1792
3776
2014
1728
3456
2015
1728
3520
2016
1728
3584
2012
1728
3648
2012
1728
3712
2014
1600
2752
2014
1600
2816
2014
1600
2944
2014
1536
2752
2014
1536
2816
2014
1536
2880
2014
1536
3008
2014
1664
2816
2014
1664
2880
2014
1664
2944
2014
1664
3008
2014
1664
2752
2014
1536
3072
2012
1536
3200
2016
1536
3136
2015
1600
2880
2015
1536
2944
2026
128
3264
2026
128
3328
2026
128
2880
2034
128
3136
2034
128
3072
2034
128
3008
2017
704
3712
2017
448
2816
2026
128
2432
2017
1280
2240
2014
0
1984
2014
0
2048
2014
0
2112
2016
0
2240
2014
0
2176
2026
128
2112
2034
128
2304
2034
128
2240
2012
0
2304
2017
128
1792
2019
0
64
2020
64
64
2021
128
64
2026
128
128
2026
128
192
2026
128
512
2026
128
576
2034
128
320
2034
128
384
2026
128
640
2026
128
704
2033
64
704
2026
64
768
2026
64
832
2033
0
832
2017
192
640
2011
896
1920
2014
896
1984
2014
896
2048
2014
832
1984
2014
832
2048
2014
832
2112
2016
832
2176
2014
1728
960
2014
1728
1024
2016
1728
1088
2012
1728
1152
2012
1728
1216
2017
832
0
2014
832
64
2014
832
128
2014
832
192
2014
896
64
2014
896
128
2016
832
256
2016
896
192
2016
768
192
2014
768
128
2014
768
64
2012
832
320
2012
768
256
2003
896
3712
2009
512
3456
2009
0
2432
2003
832
448
2008
704
448
2008
1664
704
2009
0
1472
2008
1472
3648
2017
1792
2880
2759
0
320
