40
40
0,0,0,0,0,0,0,0,0,0,0,0,0,0,0,0,0,0,0,0,0,0,0,0,0,0,0,0,0,0,0,31,0,0,0,0,0,0,0,0,
0,0,0,0,0,32,0,0,0,0,0,0,0,0,0,0,0,0,0,0,0,0,0,0,0,0,0,0,0,0,0,34,4,4,8,0,0,0,0,0,
0,0,0,0,0,0,0,0,0,0,0,0,0,0,0,0,0,0,0,0,0,0,0,0,0,0,0,0,0,0,0,31,0,0,0,0,0,2,4,4,
0,0,0,0,0,0,0,0,0,0,0,0,0,0,0,0,2,4,4,4,4,4,8,0,0,0,0,0,0,0,0,22,0,0,0,0,0,0,0,0,
0,0,0,0,0,0,0,0,0,0,0,0,0,0,0,0,0,0,0,0,0,0,0,0,0,0,0,0,0,0,0,0,0,0,0,0,0,0,0,0,
0,0,0,0,0,0,0,0,0,0,0,0,0,0,0,0,0,0,0,0,0,0,0,0,0,0,0,0,0,0,0,0,0,0,0,0,0,0,0,32,
0,0,0,0,0,32,0,0,0,0,0,0,0,0,32,0,0,0,0,0,0,0,0,0,0,0,0,0,0,0,0,0,0,0,0,0,0,0,0,0,
0,0,0,0,0,0,0,0,0,0,0,0,0,0,0,0,0,0,0,0,0,0,0,0,0,0,0,0,0,0,0,0,0,0,0,0,0,0,0,0,
0,0,0,0,0,0,0,0,0,0,0,0,0,0,0,0,0,0,0,0,0,0,0,0,0,0,0,0,0,0,0,0,0,0,0,0,32,0,0,0,
0,32,0,0,0,0,0,0,0,0,32,0,0,0,0,0,0,0,0,0,0,0,0,0,0,0,0,0,0,0,0,0,0,0,0,0,0,0,0,0,
0,0,0,0,0,0,0,0,0,0,0,0,0,0,0,0,0,0,0,0,0,0,0,0,0,0,0,0,0,0,0,0,0,0,0,0,0,0,0,0,
0,0,0,0,0,0,0,0,0,0,0,0,0,0,0,0,0,0,0,0,0,0,0,0,0,0,0,0,0,0,0,0,0,0,0,0,0,0,0,0,
0,0,0,0,0,0,0,0,0,0,0,0,0,0,0,0,0,0,0,0,0,0,0,0,0,0,0,0,32,0,0,0,0,0,0,0,0,0,0,0,
4,4,4,4,4,4,4,8,0,0,0,0,0,0,0,0,0,0,0,0,0,0,0,0,0,0,0,0,0,0,0,0,0,0,0,0,2,4,4,4,
0,0,0,0,0,0,0,0,0,0,0,0,0,0,0,0,0,0,0,0,0,0,0,0,0,0,0,0,0,0,0,0,0,0,0,0,0,0,0,0,
0,0,0,0,0,0,0,0,0,0,0,0,0,2,4,28,0,4,4,4,4,35,8,0,0,0,0,0,0,0,0,0,0,0,0,0,0,0,0,0,
0,0,0,0,0,0,0,0,0,0,0,0,0,0,0,31,0,0,0,0,0,31,0,0,0,0,0,0,0,0,0,0,2,4,4,4,8,0,0,0,
0,0,0,0,0,0,0,0,0,0,0,0,0,0,0,31,0,0,0,0,0,31,0,0,0,0,0,0,0,0,0,0,0,0,0,0,0,0,0,0,
0,0,0,0,0,0,0,0,0,0,0,0,0,0,0,30,4,4,4,4,4,29,0,0,0,0,0,0,0,0,0,0,0,0,0,0,0,0,0,0,
0,0,0,0,0,0,0,0,0,0,0,0,0,0,0,0,0,0,0,0,0,0,0,0,0,0,0,0,0,0,0,0,0,0,0,2,4,4,4,4,
0,0,0,0,0,0,0,0,0,0,0,0,0,0,0,0,0,0,0,0,0,0,0,0,0,0,0,0,0,0,0,0,0,0,0,0,0,0,0,0,
0,0,0,0,0,0,0,0,0,0,0,0,0,0,0,0,0,0,0,0,0,0,0,0,0,0,0,0,0,0,0,0,0,0,0,0,0,0,0,0,
0,0,0,0,0,0,0,0,0,0,0,0,0,0,0,0,0,0,0,0,0,0,0,0,0,0,0,0,0,0,0,0,0,0,0,0,0,0,0,0,
0,0,0,0,0,0,0,2,8,0,0,0,0,0,0,0,2,4,4,8,0,0,0,0,0,0,0,0,0,2,4,4,8,0,0,0,0,0,0,0,
0,0,0,0,0,0,0,0,0,0,0,0,0,0,0,0,0,0,0,0,0,0,0,0,0,0,0,0,0,0,0,0,0,0,0,0,0,0,0,0,
0,0,0,0,0,0,0,0,0,0,0,0,0,0,0,0,0,0,0,0,2,4,4,4,4,4,4,4,8,0,0,0,0,0,0,0,0,0,0,0,
0,0,0,0,0,0,0,0,0,0,0,0,0,0,0,0,0,0,0,0,0,0,0,0,0,0,0,0,0,0,0,0,0,0,0,0,0,0,0,0,
4,4,4,8,0,0,0,0,0,0,0,0,0,0,0,0,0,0,0,0,0,0,0,0,0,0,0,0,0,0,0,0,0,0,0,0,0,0,0,0,
0,0,0,0,0,0,0,0,0,0,0,0,0,0,0,0,0,0,0,0,0,0,0,0,0,0,0,0,0,0,0,0,0,0,0,0,0,0,0,0,
0,0,0,0,0,0,0,0,0,0,0,0,0,0,0,0,0,0,0,0,2,4,4,4,4,4,4,4,8,0,0,0,0,0,0,0,0,0,0,0,
0,0,0,0,0,0,0,0,0,2,4,4,4,8,0,0,32,0,0,0,0,0,0,0,0,0,0,0,0,0,0,0,0,0,0,0,0,0,0,0,
0,0,0,0,0,0,0,0,0,0,0,0,0,0,0,0,0,0,0,0,0,0,0,0,0,0,0,0,0,0,0,0,0,0,0,0,0,0,2,4,
0,0,0,0,0,0,0,0,0,0,0,0,0,0,0,0,0,0,0,0,0,0,0,0,0,0,0,0,0,0,0,0,0,0,0,0,0,0,0,0,
0,0,0,0,0,0,0,0,0,0,0,0,0,0,0,0,0,0,0,0,0,0,0,0,0,0,0,0,0,0,0,0,0,2,4,4,4,8,0,0,
0,0,0,0,0,0,0,0,0,0,0,0,0,0,0,0,0,0,0,0,0,0,0,0,0,0,0,0,0,0,0,0,0,0,0,0,0,0,0,0,
0,0,0,0,0,0,0,0,0,0,0,0,0,0,0,0,0,0,0,0,0,0,0,0,0,0,0,0,0,0,0,0,0,0,0,0,0,0,0,0,
0,0,0,0,0,0,0,0,0,0,0,0,0,0,0,0,0,0,0,0,0,0,0,0,0,0,0,0,0,0,0,0,0,32,0,0,0,0,0,0,
0,0,0,2,4,4,4,8,0,0,0,0,0,0,0,0,0,0,0,0,0,0,0,0,0,0,0,0,0,0,0,0,0,0,0,0,0,0,0,0,
0,0,0,0,0,0,0,0,0,0,0,0,0,0,0,0,32,0,0,32,0,0,0,0,0,0,0,0,0,0,32,0,0,0,0,0,0,0,0,0,
0,0,0,0,0,0,0,0,0,2,4,4,4,8,0,0,0,0,0,0,0,0,0,0,0,0,0,0,0,0,0,0,0,0,0,0,0,32,0,32,
3
Artifact 1.7.1
3017
2496
2368
Artifact 1.7.3
3019
1280
1088
Artifact 1.7.2
3018
2496
64
144
2000
256
2176
2012
576
2176
2012
576
2240
2012
640
2240
2012
640
2304
2012
640
2368
2013
768
2368
2012
704
2112
2756
1216
64
2013
1088
64
2013
1344
64
2013
2112
2176
2013
2368
2368
2012
2496
2176
2011
640
1856
2011
1664
1792
2012
1408
1728
2012
1280
1728
2012
1216
1600
2012
1856
1600
2012
1920
1664
2011
512
1408
2012
1984
448
2012
1984
512
2012
1984
576
2012
2048
384
2012
2112
448
2012
2112
512
2013
640
448
2011
2176
960
2012
1408
1152
2012
1408
1216
2011
2432
768
2003
768
1856
2003
704
2432
2008
512
2432
2002
2240
2048
2001
2304
2048
2003
1536
1792
2003
1664
1536
2003
1408
1536
2003
1984
1408
2003
1216
1088
2003
1152
1088
2002
1280
1088
2002
1216
1088
2003
1088
1088
2003
896
896
2003
1280
896
2003
1216
128
2002
1152
128
2004
1344
896
2008
2240
448
2009
2496
256
2009
2176
0
2007
64
1600
2004
1088
1408
2003
1152
1408
2002
128
1664
2002
1472
1536
2004
2240
960
2008
2176
1152
2009
1792
704
2012
1024
1664
2006
64
448
2003
192
768
2002
256
768
2012
768
2048
2012
1024
1728
2012
320
192
2011
320
0
2016
576
2112
2016
640
2176
2016
704
2048
2016
768
1984
2016
832
1984
2015
576
2048
2015
704
1984
2014
576
1984
2014
576
1920
2014
640
1920
2014
640
1984
2014
640
2048
2014
640
2112
2014
704
1920
2014
768
1920
2014
832
1920
2014
2432
1984
2014
2432
2048
2016
2432
2112
2016
2496
2112
2014
2496
2048
2014
2496
1984
2016
1920
1600
2016
1856
1536
2014
1920
1472
2014
1856
1472
2015
1920
1536
2016
1408
1664
2016
1280
1664
2016
1344
1664
2016
1472
1664
2015
1344
1600
2016
1152
1536
2016
1216
1536
2016
1024
1600
2014
1024
1536
2014
1024
1472
2015
1216
1472
2014
1152
1472
2014
1280
1600
2014
1408
1600
2014
1472
1600
2016
1984
384
2016
2048
320
2016
2112
384
2014
1984
320
2014
1984
256
2014
1984
192
2015
1984
128
2014
1984
64
2014
1984
0
2014
2112
64
2014
2048
64
2015
2112
320
2014
2048
256
2014
2048
192
2014
2048
128
2014
2112
128
2014
2112
192
2014
2112
256
2016
1088
1024
2016
1152
1024
2016
1216
1024
2016
1280
1024
2014
1280
960
2014
1216
960
2014
1152
960
2014
1088
960
2016
1408
1088
2015
1408
1024
2014
1408
960
2016
320
128
2014
320
64
