35
40
0,0,0,0,0,0,0,0,0,0,0,0,31,0,0,0,0,31,0,0,0,0,0,31,0,0,0,0,0,0,0,0,0,0,0,
0,0,0,0,0,0,0,0,0,0,0,0,30,4,4,4,4,29,0,0,0,0,0,31,0,0,0,0,0,0,0,0,0,0,0,
0,0,0,0,0,0,0,0,0,0,0,0,0,0,0,0,0,0,0,0,0,0,0,31,0,0,0,0,0,0,0,0,0,0,0,
0,0,0,2,4,4,4,4,4,8,0,0,0,0,0,0,0,0,0,0,0,0,0,31,0,0,0,0,0,0,2,4,4,4,8,
0,32,0,0,0,0,0,0,0,0,0,0,0,0,0,0,0,0,0,0,0,0,0,31,0,0,0,0,0,0,0,0,0,0,0,
0,0,0,0,0,0,0,0,0,0,0,0,0,0,0,0,0,0,0,0,0,0,0,31,0,0,0,0,0,0,0,0,0,0,0,
0,0,0,0,0,0,0,0,0,0,0,0,2,4,4,4,8,0,0,0,0,0,0,31,0,0,32,0,0,0,0,0,0,0,0,
0,0,0,0,0,0,0,0,0,0,0,0,0,0,0,0,0,0,0,0,0,0,0,31,0,0,0,0,0,0,0,0,0,0,0,
0,0,0,0,0,0,0,0,0,0,0,0,0,0,0,0,0,0,0,0,0,0,0,31,0,0,0,0,0,0,0,0,0,0,0,
0,32,0,0,0,0,0,0,0,0,0,0,0,0,0,0,0,0,0,0,0,0,0,31,0,0,0,0,0,32,0,0,0,0,0,
0,0,0,0,0,2,4,4,4,8,0,0,0,0,0,0,0,0,0,0,0,0,0,31,0,0,0,0,0,0,0,0,0,0,0,
0,0,0,0,0,0,0,0,0,0,0,0,0,0,0,0,0,0,0,0,0,0,0,31,0,0,0,0,0,0,0,0,0,0,0,
0,0,0,0,0,0,0,0,0,0,0,0,0,0,0,0,0,0,0,0,0,0,0,31,0,2,4,4,8,0,0,0,0,0,0,
0,0,0,0,0,0,0,0,0,0,0,0,0,0,0,0,0,0,0,0,0,0,0,31,0,0,0,0,0,0,0,0,0,0,0,
0,0,0,0,0,0,0,0,0,0,0,0,2,4,4,4,8,0,0,0,0,0,0,31,0,0,0,0,0,0,0,0,0,0,0,
0,0,0,0,0,0,0,0,0,0,0,0,0,0,0,0,0,0,0,0,0,0,0,31,0,0,0,0,0,0,0,0,0,0,0,
0,0,0,0,0,0,0,0,0,0,0,0,0,0,0,0,0,0,0,0,0,0,0,31,0,0,0,0,0,0,2,4,4,8,0,
0,0,0,0,0,0,0,0,0,0,0,0,0,0,0,0,0,0,0,0,0,0,0,31,0,0,0,0,0,0,0,0,0,0,0,
0,0,0,0,0,0,0,0,0,0,0,0,0,0,0,0,0,0,0,0,0,0,0,31,0,0,0,0,0,0,0,0,0,0,0,
0,0,0,0,0,2,4,4,4,8,0,0,0,0,0,0,0,0,0,0,0,0,0,31,0,0,0,0,0,0,0,0,0,0,0,
0,0,0,0,0,0,0,0,0,0,0,0,0,0,0,0,0,0,0,0,0,0,0,31,0,0,0,0,0,0,0,0,0,0,0,
0,0,0,0,0,0,0,0,0,0,0,0,0,0,0,0,0,0,0,0,0,0,0,31,0,2,4,4,8,0,0,0,0,0,0,
0,0,0,0,0,0,0,0,0,0,0,0,0,0,0,0,0,0,0,0,0,0,0,22,0,0,0,0,0,0,0,0,0,0,0,
0,0,0,0,0,0,0,0,0,0,0,0,0,0,0,0,0,0,0,0,0,0,0,0,0,0,0,0,0,0,0,0,0,0,0,
0,0,0,0,0,0,0,0,0,0,0,0,0,0,0,0,0,0,0,0,0,0,0,0,0,0,0,0,0,0,0,0,0,0,0,
0,0,0,0,0,0,0,0,0,0,0,0,0,0,0,0,0,0,0,0,0,0,0,0,0,0,0,0,2,4,4,8,0,0,0,
0,0,0,0,0,0,0,0,0,0,0,0,0,0,0,0,0,0,0,0,0,0,0,0,32,0,0,0,0,0,0,0,0,0,0,
0,0,0,0,0,0,0,0,0,0,0,0,2,4,4,4,4,8,0,0,0,0,0,0,0,0,0,0,0,0,0,0,0,0,0,
0,0,0,0,0,0,0,0,0,0,0,0,0,0,0,0,0,0,0,0,0,0,0,0,0,0,0,0,0,0,0,0,0,32,0,
0,0,0,0,0,0,0,0,0,0,0,0,0,0,0,0,0,0,0,0,0,0,0,0,0,0,0,0,0,0,0,0,0,0,0,
0,0,0,0,0,0,0,0,0,0,0,0,0,0,0,0,0,0,0,0,0,0,0,0,0,0,0,0,0,0,0,0,0,0,0,
0,0,0,0,0,0,0,0,0,0,0,0,0,0,0,0,0,0,0,0,0,0,0,0,0,0,2,4,4,4,4,8,0,0,0,
2,4,4,4,4,4,4,4,4,8,0,0,0,0,0,0,0,0,0,0,0,0,0,0,0,0,0,0,0,0,0,0,0,0,0,
0,0,0,0,0,0,0,0,0,0,0,0,0,0,0,0,0,0,0,0,0,0,0,0,0,0,0,0,0,0,0,0,0,0,0,
0,0,0,0,0,0,0,0,0,0,0,0,0,0,0,0,0,0,0,0,0,0,0,0,0,0,0,0,0,0,0,0,0,0,0,
0,0,0,0,0,0,0,0,0,0,0,0,0,0,0,0,0,0,0,0,0,0,0,0,0,0,0,0,0,0,0,0,0,0,32,
0,0,0,0,0,0,0,0,0,0,0,0,0,0,0,0,0,0,0,0,0,0,0,0,0,2,4,4,8,0,0,0,0,0,0,
0,0,0,0,0,0,0,0,0,0,0,0,0,0,0,0,0,0,0,0,0,0,0,0,0,0,0,0,0,0,0,0,0,0,0,
0,0,0,0,0,0,0,0,0,0,0,0,0,0,0,0,0,0,0,0,0,0,0,0,0,0,0,0,0,0,0,0,0,0,0,
3,3,3,24,0,0,0,0,0,32,0,0,0,0,0,0,0,23,3,3,3,3,24,0,0,0,0,0,0,0,0,0,23,3,3,
4
Artifact 1.5.1
3011
64
448
Artifact 1.5.2
3012
64
2368
Artifact 1.5.4
3014
2176
2368
Artifact 1.5.3
3013
1536
1536
92
2012
896
192
2012
896
256
2012
960
192
2012
832
128
2012
832
704
2012
832
768
2012
896
640
2011
896
0
2012
64
384
2000
256
0
2011
448
576
2012
1472
1600
2012
1472
1664
2012
1472
1728
2012
384
2304
2012
384
2368
2012
1472
1792
2012
1472
1856
2012
1472
1920
2011
2176
2432
2754
2112
64
2012
1664
1472
2012
1728
2112
2012
1728
2176
2012
1792
2112
2012
1664
640
2012
1920
320
2011
2048
960
2003
192
1984
2003
256
1984
2002
320
1984
2003
896
1664
2002
960
1664
2003
1024
1664
2002
64
2432
2003
1216
2432
2003
1280
2432
2003
1344
2432
2002
896
832
2002
960
832
2001
832
832
2006
64
1920
2009
576
1152
2003
1856
1920
2003
1792
1920
2002
1728
1280
2003
1664
1280
2003
2112
128
2014
832
384
2014
832
448
2014
896
384
2014
896
448
2014
896
512
2014
832
576
2016
832
640
2016
896
576
2015
832
512
2016
832
64
2016
896
128
2016
960
128
2014
896
64
2014
960
64
2014
768
384
2014
768
448
2014
64
256
2016
64
320
2014
384
2048
2014
384
2112
2014
384
2176
2016
384
2240
2014
1472
1152
2014
1472
1216
2014
1472
1280
2014
1472
1344
2014
1472
1408
2014
1472
1472
2016
1472
1536
2016
1728
2048
2016
1792
2048
2014
1728
1984
2014
1792
1984
2014
1664
1344
2016
1664
1408
2016
1664
576
2016
1920
256
2014
1664
512
2014
1664
448
2014
1664
384
2014
1920
192
2015
768
512
2014
768
512
2016
768
576
