30
17
0,0,0,0,0,0,0,0,0,0,0,0,0,0,0,0,0,0,0,0,0,0,32,0,0,0,0,0,0,0,
0,0,0,0,0,0,0,0,0,0,0,0,0,0,0,0,0,0,0,0,0,0,0,0,0,0,0,0,0,0,
0,0,0,0,0,0,0,0,0,0,32,0,0,0,0,0,0,0,0,0,0,0,0,0,0,0,0,0,0,32,
2,4,4,4,4,4,8,0,0,0,0,0,0,0,0,0,0,0,0,0,0,0,0,0,0,0,0,0,0,0,
0,0,0,0,0,0,0,0,0,0,0,0,2,4,4,4,8,0,0,0,0,0,0,0,0,0,0,0,0,0,
0,0,0,0,0,0,0,0,0,0,0,0,0,0,0,0,0,0,0,0,0,0,32,0,0,0,2,4,8,0,
0,0,0,0,0,0,2,8,0,2,4,4,4,4,4,4,4,4,4,4,8,0,0,0,0,0,0,0,0,0,
0,32,0,0,0,0,0,0,0,0,0,0,0,0,0,0,0,0,0,0,0,0,0,0,0,0,0,0,0,0,
0,0,0,0,0,0,2,8,0,0,0,0,0,0,0,0,0,0,0,0,0,0,0,0,0,0,0,0,0,32,
0,0,0,0,0,0,0,0,0,0,0,0,0,0,0,0,2,4,4,4,8,0,0,0,0,0,0,0,0,0,
0,32,0,0,0,0,2,8,0,2,4,4,4,4,4,8,0,0,0,0,0,0,32,0,0,0,0,32,0,0,
0,0,0,0,0,0,0,0,0,0,0,0,0,0,0,0,0,0,0,0,0,0,0,0,0,0,0,0,0,0,
0,0,0,0,0,0,2,8,0,0,0,0,0,0,0,0,0,0,0,0,0,0,0,0,0,32,0,0,0,0,
0,32,0,0,0,0,0,0,0,0,0,0,0,0,0,0,0,0,0,0,0,0,0,0,0,0,0,0,0,0,
0,0,0,0,0,0,0,0,0,0,0,0,0,0,0,0,0,0,0,0,0,0,0,32,0,0,0,0,0,0,
0,0,0,0,0,0,0,0,0,0,0,0,0,0,0,0,0,0,0,0,0,0,0,0,0,0,0,0,0,0,
0,0,0,2,4,4,4,8,0,0,2,4,4,4,8,0,0,2,4,4,4,8,0,0,0,0,0,0,0,0,
3
Artifact 1.8.2
3021
1856
64
Artifact 1.8.3
3022
640
64
Artifact 1.8.1
3020
64
320
87
2000
128
0
2013
704
896
2012
576
768
2013
832
896
2757
640
512
2011
896
576
2011
704
576
2012
1408
320
2012
1408
448
2012
1408
512
2012
1408
128
2012
1600
960
2012
1600
1024
2011
1728
256
2013
768
128
2011
1024
192
2011
1216
320
2009
1600
704
2008
1600
256
2009
1280
320
2008
320
320
2003
1216
960
2003
320
960
2001
320
960
2002
1152
960
2003
640
320
2002
576
320
2008
1344
576
2002
256
128
2003
192
128
2009
64
576
2003
64
768
2003
64
384
2003
384
960
2011
448
704
2011
448
576
2011
448
448
2012
512
128
2012
512
192
2012
512
256
2012
512
320
2016
512
64
2015
512
0
2014
256
192
2014
256
256
2016
256
320
2012
256
384
2012
512
384
2016
576
704
2016
640
704
2015
640
640
2014
576
640
2014
704
640
2011
896
320
2011
640
320
2016
1088
448
2016
1152
448
2016
1216
448
2014
1024
384
2014
1088
384
2014
1216
384
2014
1280
384
2015
1152
384
2016
1408
384
2016
1856
576
2014
1600
768
2014
1856
512
2015
1600
832
2016
1600
896
2016
1408
64
2015
1408
0
2014
192
192
2014
192
256
2016
192
320
2012
192
384
2012
192
448
2012
192
512
2012
192
576
2012
192
640
2012
192
704
2012
192
768
2012
192
832
2012
256
512
2012
256
448
2012
256
576
2003
896
192
2002
256
960
