81
25
0,0,0,0,0,0,0,0,0,0,0,0,0,0,0,0,0,0,0,0,0,0,0,0,0,0,0,0,0,0,31,0,32,0,0,0,0,0,0,0,0,0,0,0,0,0,0,0,32,0,31,0,0,0,0,0,0,0,0,0,0,0,0,0,0,0,0,0,0,0,0,0,0,0,0,0,0,0,0,0,0,
0,0,0,0,0,0,0,0,0,0,0,0,0,32,0,0,0,0,0,0,0,0,0,0,0,0,0,0,0,0,31,0,0,0,0,0,0,0,0,0,0,0,0,0,0,0,0,0,0,0,31,0,0,0,0,0,0,0,0,0,0,0,0,0,0,0,0,0,0,0,0,0,0,0,0,0,0,0,0,0,0,
0,0,0,0,0,0,0,0,0,0,0,0,0,0,0,0,0,0,0,0,0,0,0,0,0,0,0,0,0,0,31,0,0,0,0,0,0,0,2,4,4,4,8,0,0,0,0,0,0,0,31,0,0,0,0,0,0,0,0,0,0,0,0,0,0,0,0,0,0,0,0,0,0,0,0,0,0,0,0,0,0,
2,4,8,0,0,0,0,0,0,0,0,0,0,0,0,0,2,4,4,4,4,4,8,0,0,0,0,0,0,0,31,0,0,0,32,0,0,0,0,0,0,0,0,0,0,0,32,0,0,0,31,0,0,0,0,0,0,0,0,0,0,0,0,0,0,0,0,0,0,0,0,0,0,0,0,0,0,0,0,32,0,
0,0,0,0,0,0,0,0,0,0,0,0,0,0,0,0,0,0,0,0,0,0,0,0,0,0,0,0,0,0,31,0,0,0,0,0,0,0,0,0,0,0,0,0,0,0,0,0,0,0,31,0,0,0,0,0,0,0,0,0,0,0,0,0,0,0,0,0,0,0,0,0,0,0,0,0,0,0,0,0,0,
0,0,0,0,0,0,0,0,0,0,0,0,0,0,0,0,0,0,0,0,0,0,0,0,0,0,0,0,32,0,31,0,0,0,0,0,0,0,0,0,0,0,0,0,0,0,0,0,0,0,31,0,0,0,0,0,0,0,0,0,0,0,0,0,0,0,0,0,0,0,0,0,0,0,0,0,0,0,0,0,0,
0,0,0,0,0,0,0,2,4,4,4,4,8,0,0,0,0,0,0,0,0,0,0,0,0,0,0,0,0,0,34,8,0,0,0,0,0,0,0,0,0,0,0,0,0,0,0,0,0,2,36,0,0,0,0,0,0,0,0,0,0,0,0,0,0,0,0,0,0,0,0,0,0,0,0,0,0,0,0,0,0,
0,0,0,0,0,0,0,0,0,0,0,0,0,0,0,0,0,0,0,0,0,0,0,0,0,0,0,0,0,0,22,0,0,0,0,0,0,0,0,0,0,0,0,0,0,0,0,0,0,0,22,0,0,0,0,0,0,0,0,0,0,0,0,0,0,0,0,0,0,0,0,0,0,0,0,0,0,0,0,0,32,
0,0,0,0,0,0,0,0,0,0,0,0,0,0,0,0,0,0,0,0,0,0,0,0,0,0,32,0,0,0,0,0,0,0,0,0,0,0,0,0,0,0,0,0,0,0,0,0,0,0,0,0,0,0,7,0,0,0,0,0,0,0,0,0,0,0,0,0,0,0,0,0,0,0,0,0,0,0,0,0,0,
0,0,0,0,0,0,0,0,0,0,0,0,0,0,0,0,0,0,0,0,0,0,0,0,0,0,0,0,0,0,0,0,0,0,0,0,32,0,0,0,0,0,0,0,32,0,0,0,0,0,0,0,0,0,34,8,0,0,0,0,0,0,0,0,0,0,0,0,0,0,0,0,0,0,0,0,0,0,0,0,0,
0,0,0,0,0,0,0,0,0,0,0,0,0,0,0,0,0,0,0,0,0,0,0,0,0,0,0,0,0,0,7,0,0,0,0,0,0,0,0,0,0,0,0,0,0,0,0,0,0,0,7,0,0,0,31,0,0,0,0,0,0,0,0,0,0,0,0,0,0,0,0,0,0,0,0,0,0,0,0,0,0,
0,0,0,0,0,0,0,0,0,0,0,0,0,0,0,0,0,0,0,0,0,0,0,0,0,0,0,0,0,0,31,0,0,0,0,0,0,0,0,0,0,0,0,0,0,0,0,0,0,0,31,0,0,0,31,0,7,0,0,0,0,0,0,0,0,0,0,0,0,0,0,0,0,0,0,0,0,7,0,0,0,
4,4,4,4,4,4,4,4,4,4,35,4,4,4,4,4,4,4,4,4,35,4,4,4,4,4,35,4,4,4,36,0,0,0,0,0,0,0,2,4,4,4,8,0,0,0,0,0,0,0,34,4,4,4,37,4,37,4,4,4,4,4,4,35,4,4,4,35,4,4,4,4,4,4,4,4,4,37,4,4,4,
0,0,0,0,0,0,0,0,0,0,31,0,0,0,0,0,0,0,0,0,31,0,0,0,0,0,31,0,0,0,31,0,0,0,0,0,0,0,0,0,0,0,0,0,0,0,0,0,0,0,31,0,0,0,0,0,0,0,0,0,0,0,0,31,0,0,0,0,0,0,0,0,0,0,0,0,0,0,0,0,0,
0,0,0,0,0,0,0,0,0,0,31,0,0,0,0,0,0,0,0,0,31,0,0,0,0,0,31,0,0,0,22,0,0,0,0,0,0,0,0,0,0,0,0,0,0,0,0,0,0,0,22,0,0,0,0,0,0,0,0,0,0,0,0,31,0,0,0,27,4,4,28,0,0,0,0,0,0,0,0,0,0,
0,0,0,0,0,0,0,0,0,0,31,0,0,0,0,0,0,7,0,0,30,4,35,4,4,4,36,0,0,0,0,0,0,0,0,0,32,0,0,0,0,0,0,0,32,0,0,0,0,0,0,0,0,0,0,0,0,0,0,0,0,0,0,31,0,0,0,31,0,0,30,28,0,0,0,0,0,0,0,0,0,
0,0,0,0,0,0,0,0,0,0,31,0,0,0,0,0,0,31,0,0,0,0,31,0,0,0,22,0,0,0,0,0,0,0,0,0,0,0,0,0,0,0,0,0,0,0,0,0,0,0,0,0,0,0,0,0,0,0,0,0,0,0,2,36,0,0,0,31,0,0,0,31,0,0,0,0,0,0,32,0,0,
0,0,0,0,0,0,0,0,0,0,31,0,0,0,0,0,0,31,0,0,0,0,31,0,0,0,0,0,0,0,7,0,0,0,0,0,0,0,0,0,0,0,0,0,0,0,0,0,0,0,7,0,0,0,0,0,0,0,0,0,0,0,0,22,0,0,0,31,0,0,0,31,0,0,0,0,0,0,0,0,0,
8,0,0,2,35,4,8,0,0,2,36,0,0,0,0,0,0,31,0,0,0,0,31,0,0,0,0,0,0,0,31,0,0,0,0,0,0,0,0,0,0,0,0,0,0,0,0,0,0,0,31,0,0,0,0,0,0,0,0,0,0,0,0,0,0,0,0,31,0,0,0,22,0,0,0,0,0,0,0,0,0,
0,0,0,0,31,0,0,0,0,0,30,4,35,8,0,0,2,36,0,0,0,2,36,0,0,0,2,35,4,4,36,0,0,0,32,0,0,0,0,0,0,0,0,0,0,0,32,0,0,0,31,0,0,0,0,0,0,0,0,0,0,0,0,0,0,0,0,31,0,0,0,0,0,0,0,0,0,0,0,0,32,
0,0,0,0,31,0,0,0,0,0,0,0,31,0,0,0,0,31,0,0,0,0,34,8,0,0,0,31,0,0,31,0,0,0,0,0,0,0,0,0,0,0,0,0,0,0,0,0,0,0,31,0,0,0,7,0,0,0,0,0,0,0,0,0,0,0,2,29,0,0,0,0,0,0,0,0,0,0,0,0,0,
0,0,0,0,34,8,0,0,0,0,0,0,22,0,0,0,0,31,0,0,0,0,22,0,0,0,0,31,0,0,31,0,0,0,0,0,0,32,0,0,0,0,0,32,0,0,0,0,0,0,31,0,0,0,31,0,0,0,0,0,0,0,0,0,0,0,0,0,0,0,0,7,0,0,0,0,0,0,0,0,0,
0,0,0,0,31,0,0,0,0,0,0,0,0,0,32,0,0,31,0,0,0,0,0,0,0,0,2,29,0,0,31,0,0,0,0,0,0,0,0,0,0,0,0,0,0,0,0,0,0,0,31,0,0,0,31,0,0,0,0,0,0,0,0,0,0,0,0,0,0,0,2,29,0,0,0,0,0,0,0,0,0,
0,0,0,0,31,0,0,0,0,0,0,0,0,0,0,0,0,31,0,0,0,0,0,0,0,0,0,0,0,0,31,0,0,0,0,0,0,0,0,0,0,0,0,0,0,0,0,0,0,0,31,0,0,0,31,0,0,0,0,0,0,0,0,0,0,0,0,0,0,0,0,0,0,0,0,0,0,0,0,0,0,
1,1,24,0,30,4,4,4,4,4,4,4,4,4,4,4,4,37,4,4,4,4,8,0,0,0,0,0,0,0,31,0,0,0,0,0,0,0,23,1,1,1,24,0,0,0,0,0,0,0,31,0,0,23,14,1,24,0,0,0,0,0,0,0,0,0,0,0,0,0,0,0,0,0,0,0,0,0,23,1,1,
5
Artifact 1.16.1
3043
2560
64
Artifact 1.16.3
3045
2560
1408
Artifact 1.16.4
3046
5056
1408
Artifact 1.16.5
3047
5056
64
Artifact 1.16.2
3044
64
64
126
2013
2432
1408
2013
2688
1408
2011
2560
1472
2016
2304
1024
2012
2304
1088
2012
2816
1088
2016
2816
1024
2014
2304
960
2014
2816
960
2016
2176
320
2012
2176
384
2014
2176
256
2014
2944
256
2016
2944
320
2012
2944
384
2012
2944
448
2012
2176
448
2011
2432
64
2011
2688
64
2014
2048
0
2016
2048
64
2016
3072
64
2014
3072
0
2018
3712
1536
2018
3776
1536
2018
3840
1536
2018
3904
1536
2018
3968
1536
2018
4032
1536
2018
4096
1536
2018
4160
1536
2018
4224
1536
2018
4288
1536
2018
4352
1536
2018
4416
1536
2018
4480
1536
2018
4544
1536
2018
4608
1536
2018
4672
1536
2018
4736
1536
2018
4864
1536
2018
4928
1536
2018
4864
1536
2018
4800
1536
2018
3648
1536
2016
4800
1216
2014
4800
1152
2014
4800
1088
2014
4800
1024
2014
4800
896
2014
4800
832
2014
4800
832
2014
4736
768
2014
4736
960
2014
4736
1024
2014
4736
960
2014
4736
896
2014
4800
832
2014
4800
768
2016
4736
1088
2016
4864
1024
2014
4864
960
2014
4864
896
2014
4864
832
2014
4864
768
2012
4736
1152
2015
4800
960
2015
4736
832
2014
2944
192
2014
2176
192
2765
64
1408
2038
3648
640
2037
4864
640
2038
3584
576
2037
4928
576
2011
832
0
2014
832
64
2016
832
128
2012
832
192
2013
1408
64
2013
320
640
2011
960
704
2011
64
128
2013
640
256
2011
1856
704
2013
1280
1408
2014
1216
768
2014
1216
832
2016
1216
896
2012
1216
960
2011
1152
1472
2011
1664
1344
2013
1024
1088
2013
896
1280
2011
1024
1472
2037
576
1024
2035
3328
576
2036
128
576
2035
640
1344
2002
1792
1152
2003
1728
1152
2002
1536
896
2002
64
1472
2007
0
1408
2007
1600
832
2007
384
1408
2003
448
1472
2003
4288
704
2002
4224
704
2004
5120
704
2003
5056
704
2003
5056
1472
2003
5120
1472
2003
704
704
2004
640
704
2005
1664
448
2004
1408
704
2007
1472
640
2008
5056
384
2008
2112
1152
2009
832
1152
2009
768
320
2009
2944
128
2009
3456
448
2013
3520
1408
2000
2496
576
