100
17
0,0,0,0,0,0,0,0,0,0,0,0,0,0,0,0,0,0,0,0,0,0,0,0,0,0,0,22,0,31,0,0,0,22,0,0,0,0,0,0,31,0,0,0,0,0,0,0,0,31,0,0,0,0,0,0,0,0,31,0,0,0,0,0,0,0,0,0,0,0,0,0,0,0,0,0,0,0,0,0,0,0,31,0,0,0,0,31,0,0,0,0,31,0,0,0,0,0,0,0,
0,0,0,0,0,0,0,0,0,0,0,0,0,0,0,0,0,0,0,0,0,0,0,0,0,0,0,0,0,31,0,0,0,0,0,0,0,0,0,0,31,0,0,0,0,0,0,0,0,31,0,0,0,0,0,0,0,0,22,0,0,0,0,0,0,0,0,0,0,0,0,0,0,0,0,0,0,0,0,0,0,0,22,0,0,0,0,31,0,0,0,0,31,0,0,0,0,0,0,0,
28,0,0,0,0,0,0,0,0,0,0,0,0,0,0,0,0,0,0,0,0,0,0,0,0,0,0,0,0,22,0,0,0,0,0,0,0,0,0,0,31,0,0,0,0,0,0,0,0,31,0,0,0,0,0,0,0,0,0,0,0,0,0,0,0,0,0,0,0,0,0,0,0,0,0,0,0,0,0,0,0,0,0,0,0,0,0,31,0,0,0,0,34,8,0,0,0,0,0,0,
34,4,4,8,0,0,0,0,0,0,0,0,0,0,0,0,0,0,0,0,0,0,0,0,0,0,0,0,0,0,0,0,0,0,0,0,0,0,0,0,31,0,0,0,0,0,0,0,0,30,8,0,0,0,0,0,0,0,0,0,0,0,0,0,0,0,0,0,0,0,0,0,0,0,0,0,0,0,0,0,0,0,0,0,0,0,0,31,0,0,0,2,36,0,0,0,0,0,0,0,
31,0,0,0,0,0,0,0,0,0,0,0,0,0,0,0,0,0,0,0,0,0,0,0,0,0,0,0,0,0,0,0,0,0,0,0,0,2,4,4,46,4,4,4,4,8,0,0,0,0,0,0,0,0,0,0,0,0,7,0,0,0,0,0,0,0,0,0,0,0,0,0,0,0,0,0,0,0,0,0,0,0,0,0,0,0,0,31,0,0,0,0,22,0,0,0,0,0,0,0,
31,0,0,0,0,0,0,0,0,0,0,0,0,0,0,0,0,0,0,0,0,0,0,0,0,0,0,0,0,7,0,0,0,0,0,0,0,0,0,0,22,0,0,0,0,0,0,0,0,0,0,0,0,0,0,0,0,0,31,0,0,0,0,0,0,0,0,0,0,0,0,0,0,0,0,0,0,0,0,0,0,0,0,0,0,0,0,34,8,0,0,0,0,0,0,0,7,0,0,0,
34,8,0,0,0,0,0,0,0,0,0,0,0,0,0,0,0,0,0,0,0,0,0,0,0,0,0,0,0,31,0,0,0,0,0,0,0,0,0,0,0,0,0,0,0,0,0,0,0,0,0,0,0,0,0,0,0,0,31,0,0,0,0,0,0,0,0,0,0,0,0,0,0,0,0,0,0,0,0,0,0,0,0,0,0,0,0,31,0,0,0,0,0,0,0,0,31,0,0,0,
31,0,0,0,0,0,0,0,0,0,0,0,0,0,0,0,0,0,0,0,0,0,0,0,0,0,0,0,0,31,0,0,0,0,0,0,0,0,0,0,0,0,0,0,0,0,0,0,0,0,0,0,0,0,0,2,4,4,36,0,0,0,0,0,0,0,0,0,0,0,0,0,0,0,0,0,0,0,0,0,0,0,0,0,0,0,0,22,0,0,0,0,0,0,0,0,34,4,8,0,
29,0,0,0,0,0,0,0,0,0,0,0,0,0,0,0,0,0,0,0,0,0,0,0,0,0,0,0,0,31,0,0,0,0,0,0,0,0,0,0,0,0,0,0,0,0,0,0,0,0,0,0,0,0,0,0,0,0,31,0,0,0,0,0,0,0,0,0,0,0,0,0,0,0,0,0,0,0,0,0,0,0,0,0,0,0,0,0,0,0,0,0,0,0,0,0,31,0,0,0,
0,0,0,0,0,0,0,0,0,0,0,0,0,0,0,0,0,0,0,0,0,0,0,0,0,27,4,4,4,36,0,0,0,0,0,0,0,0,0,0,0,0,0,0,0,0,0,0,0,0,0,0,0,0,0,0,0,0,30,28,0,0,0,0,0,0,0,0,0,0,0,0,0,0,0,0,0,0,0,0,0,0,0,0,0,0,0,0,0,0,0,0,2,4,4,4,36,0,0,0,
0,0,0,0,0,0,0,0,0,0,0,0,0,0,0,0,0,0,0,0,0,0,0,0,0,31,0,0,0,22,0,0,0,0,0,0,0,0,0,0,0,0,0,0,0,0,0,0,0,0,0,0,0,0,0,0,0,0,0,34,8,0,0,0,0,0,0,0,0,0,0,0,0,0,0,0,0,0,0,0,0,0,0,0,0,0,0,0,0,0,0,0,0,0,0,0,31,0,0,0,
0,0,0,0,0,0,0,0,0,0,0,0,0,0,0,0,0,0,0,0,0,0,0,0,0,34,8,0,0,0,0,0,0,0,0,0,0,0,0,0,0,0,0,0,0,0,0,0,0,0,0,0,0,0,0,0,0,0,0,31,0,0,0,0,0,0,0,0,0,0,0,0,0,0,0,0,0,0,0,0,0,0,0,0,0,0,0,0,0,0,0,0,0,0,0,0,34,8,0,2,
0,0,0,0,0,0,0,0,0,0,0,0,0,0,0,0,0,0,0,0,0,0,0,0,2,36,0,0,0,0,0,0,0,0,0,0,0,0,0,0,0,0,0,0,0,0,0,0,0,0,0,0,0,0,0,0,0,0,27,29,0,0,0,0,0,0,0,0,0,0,0,0,0,0,0,0,0,0,0,0,0,0,0,0,0,0,0,0,0,0,0,0,0,0,0,0,31,0,0,0,
0,0,0,0,0,0,0,0,0,0,0,0,0,0,0,0,0,0,0,0,0,0,0,0,0,22,0,0,0,0,0,0,0,0,0,0,0,0,0,0,0,0,0,0,0,0,0,0,0,0,0,0,0,0,0,0,0,0,31,0,0,0,0,0,0,0,0,0,0,0,0,0,0,0,0,0,0,0,0,0,0,0,0,0,0,0,0,0,0,0,0,0,0,0,0,2,36,0,0,0,
0,0,0,0,0,0,0,0,0,0,0,0,0,0,0,0,0,0,0,0,0,0,0,0,0,0,0,0,0,0,0,0,0,0,0,0,0,0,0,0,0,0,0,0,0,0,0,0,0,0,0,0,0,0,0,0,0,2,36,0,0,0,0,0,0,0,0,0,0,0,0,0,0,0,0,0,0,0,0,0,0,0,0,0,0,0,0,0,0,0,0,0,0,0,0,0,31,0,0,0,
0,0,0,0,0,0,0,0,0,0,0,0,0,0,0,0,0,0,0,0,0,0,0,0,0,0,0,0,0,0,0,0,0,0,0,0,0,0,0,0,0,0,0,0,0,0,0,0,0,0,0,0,0,0,0,0,0,0,31,0,0,0,0,0,0,0,0,0,0,0,0,0,0,0,0,0,0,0,0,0,0,0,0,0,0,0,0,0,0,0,0,0,0,0,0,0,31,0,0,0,
3,3,3,3,3,3,3,3,24,0,0,0,0,0,0,0,40,0,0,0,0,0,0,0,0,40,0,40,23,3,24,0,0,40,0,0,0,0,0,0,0,0,0,0,0,40,0,0,0,0,0,0,0,0,0,0,0,23,14,3,3,24,0,0,0,0,0,0,0,0,0,0,0,0,0,40,0,0,0,0,0,0,0,0,0,0,40,0,0,0,0,0,0,0,0,23,14,3,3,3,
3
Artifact 1.12.1
3032
1792
704
Artifact 1.12.3
3034
5824
64
Artifact 1.12.2
3033
3072
64
144
2018
576
1024
2018
640
1024
2018
704
1024
2018
768
1024
2018
832
1024
2018
896
1024
2018
960
1024
2018
1024
1024
2018
1088
1024
2018
1152
1024
2018
1216
1024
2018
1280
1024
2018
1344
1024
2018
1408
1024
2018
1472
1024
2018
1536
1024
2018
1600
1024
2018
1664
1024
2018
1728
1024
2018
1984
1024
2018
2048
1024
2018
2112
1024
2018
2176
1024
2018
2240
1024
2018
2304
1024
2018
2368
1024
2018
2432
1024
2018
2496
1024
2018
2560
1024
2018
2624
1024
2018
2688
1024
2018
2752
1024
2018
2816
1024
2018
2880
1024
2018
2944
1024
2018
3008
1024
2018
4032
1024
2018
4096
1024
2018
4160
1024
2018
4224
1024
2018
4288
1024
2018
4352
1024
2018
4416
1024
2018
4480
1024
2018
4544
1024
2018
4608
1024
2018
4672
1024
2018
4736
1024
2018
4800
1024
2018
4864
1024
2018
4928
1024
2018
4992
1024
2018
5056
1024
2018
5120
1024
2018
5184
1024
2018
5248
1024
2018
5312
1024
2018
5376
1024
2018
5440
1024
2018
5504
1024
2018
5568
1024
2018
5632
1024
2018
5696
1024
2018
5760
1024
2018
5824
1024
2018
5888
1024
2018
5952
1024
2018
6016
1024
2013
1856
896
2016
1856
704
2012
1856
768
2014
1856
640
2014
1664
704
2014
1664
768
2016
1664
832
2014
1792
0
2014
1792
64
2011
1664
512
2017
2112
960
2017
1856
256
2018
3072
1024
2018
3136
1024
2018
3200
1024
2018
3264
1024
2018
3328
1024
2018
3392
1024
2018
3456
1024
2018
3520
1024
2018
3584
1024
2761
6272
896
2016
1792
192
2014
1792
128
2018
3968
1024
2013
3584
320
2016
3584
64
2014
3584
0
2011
3776
512
2011
6336
640
2011
6016
512
2014
6080
832
2016
6080
896
2016
6208
832
2015
6208
768
2014
6208
704
2014
3200
192
2014
3200
256
2014
5248
64
2014
5248
0
2014
5248
64
2014
5248
128
2014
5248
192
2014
5248
256
2016
5248
320
2017
1536
704
2017
3648
832
2017
3904
960
2017
5504
960
2017
5888
512
2017
6208
640
2007
0
896
2002
64
960
2002
384
960
2003
320
960
2009
64
320
2008
2304
192
2002
2496
192
2003
2432
192
2008
3648
704
2009
3840
576
2003
3776
960
2003
6208
384
2009
5952
64
2008
6080
256
2016
2624
384
2012
2624
448
2015
2624
320
2014
2624
256
2011
5824
128
2016
2944
64
2014
2944
0
2017
2752
192
2002
2752
192
2003
2688
192
2000
64
0
