40
60
28,0,0,0,0,0,0,0,0,0,0,0,0,0,0,0,0,0,0,0,0,0,0,0,0,0,0,0,0,0,0,0,31,0,0,0,0,0,0,0,
31,0,0,0,0,0,0,0,0,0,0,0,0,0,0,0,0,0,0,0,0,0,0,0,0,0,0,0,0,0,0,0,31,0,0,0,43,0,0,0,
31,0,0,0,0,0,0,0,0,0,0,0,0,0,0,0,0,0,0,0,0,0,0,0,0,0,0,0,0,0,0,0,31,0,0,0,0,0,0,0,
31,0,0,0,2,4,35,4,4,4,4,4,4,4,4,4,4,4,4,4,4,4,4,4,4,4,4,4,4,35,4,4,29,0,0,0,0,0,0,0,
31,0,0,0,0,0,31,0,0,0,0,0,0,0,0,0,0,0,0,0,0,0,0,0,0,0,0,0,0,31,0,0,0,0,0,0,44,0,0,0,
31,0,0,0,0,0,31,0,0,0,0,0,0,0,0,0,0,0,0,0,0,0,0,0,0,0,0,0,0,31,0,0,0,0,0,0,0,0,0,0,
31,0,0,0,0,0,31,0,0,0,0,0,0,0,0,0,0,0,0,0,0,0,0,0,0,0,0,0,0,31,0,0,0,0,0,0,0,0,0,0,
31,0,0,0,32,0,31,0,0,0,0,7,0,0,0,0,0,0,0,0,0,0,0,0,0,0,0,0,0,31,0,0,0,0,0,0,0,0,0,32,
31,0,0,0,0,0,31,0,0,0,0,31,0,0,0,0,0,0,0,0,0,0,0,0,0,0,0,0,0,31,0,0,0,0,0,0,0,0,0,0,
31,0,0,0,0,0,31,0,0,0,0,31,0,0,0,0,0,0,0,0,0,0,0,0,0,0,0,0,0,31,0,0,0,0,0,0,0,0,0,0,
31,0,32,0,0,0,31,0,0,0,0,31,0,0,0,0,0,0,0,0,0,2,4,4,4,4,4,4,4,46,4,4,4,8,0,0,0,0,0,0,
31,0,0,0,0,0,31,0,0,0,0,31,0,0,0,0,0,0,0,0,0,0,0,0,0,0,0,0,0,31,0,0,0,0,0,0,0,0,0,0,
31,0,0,0,0,0,31,0,0,0,0,31,0,0,0,0,0,0,32,0,0,0,0,0,0,0,0,0,0,31,0,0,0,0,0,0,0,32,0,0,
31,0,0,32,0,0,31,0,0,32,0,31,0,0,0,0,0,0,0,0,0,0,0,0,0,0,0,0,0,31,0,0,0,0,0,0,0,0,0,0,
31,0,0,0,0,0,31,0,0,0,0,34,4,4,4,8,0,0,0,0,0,0,0,0,0,0,0,0,0,31,0,0,0,0,0,0,0,0,0,0,
31,0,0,0,0,0,31,0,0,0,0,31,0,0,0,0,0,0,0,0,0,0,0,0,0,0,0,0,0,31,0,0,0,0,0,0,0,0,0,0,
31,0,0,0,0,2,46,8,0,0,0,31,0,0,0,0,0,0,0,0,0,0,0,0,0,0,0,0,0,31,0,2,4,4,4,8,0,0,0,0,
34,8,0,0,0,0,31,0,0,0,0,31,0,0,0,0,0,0,0,0,0,0,0,0,0,0,0,0,0,31,0,0,0,0,0,0,0,0,0,32,
31,0,0,0,0,0,31,0,0,0,0,34,8,0,0,0,0,0,0,0,0,0,0,0,0,0,0,0,0,31,0,0,0,0,0,0,0,0,0,0,
31,0,0,0,0,0,31,0,0,0,2,36,0,0,0,0,0,0,0,0,0,0,0,0,0,0,0,0,0,31,0,0,0,0,0,0,0,0,0,0,
34,8,0,0,0,0,31,0,0,0,0,31,0,0,0,0,0,0,0,0,0,0,0,0,0,0,0,0,0,31,0,0,0,0,0,0,0,0,0,0,
31,0,0,0,0,0,31,0,0,0,0,34,4,4,4,4,4,4,4,4,4,4,4,4,28,0,0,0,0,34,4,4,4,8,0,0,0,0,0,0,
31,0,0,0,0,0,31,0,0,0,0,31,0,0,0,0,0,0,0,0,0,0,0,0,22,0,0,0,0,31,0,0,0,0,0,0,0,32,0,0,
31,0,0,0,0,0,31,0,32,0,0,31,0,0,0,0,0,0,0,0,0,0,0,0,0,0,0,0,0,31,0,0,0,0,0,0,0,0,0,0,
31,0,0,0,0,0,31,0,0,0,0,31,0,0,0,0,0,0,0,0,0,0,0,0,0,0,0,0,0,34,8,0,0,0,0,0,0,0,0,0,
34,8,0,0,0,2,36,0,0,0,0,31,0,0,0,0,0,0,0,0,0,0,0,0,0,0,0,0,0,22,0,0,0,0,0,0,0,0,0,0,
31,0,0,0,0,0,34,8,0,0,0,34,4,4,4,4,4,4,4,4,4,4,4,4,4,4,8,0,0,0,0,0,0,0,0,0,43,0,0,0,
31,0,0,0,0,0,22,0,0,0,2,36,0,0,0,0,0,0,0,0,0,0,0,0,0,0,0,0,0,0,0,0,0,0,0,0,0,0,0,32,
31,0,0,0,0,0,0,0,0,0,0,22,0,0,0,0,0,0,0,0,0,0,0,0,0,0,0,0,0,0,0,0,0,0,0,0,0,0,0,0,
34,8,0,0,0,0,0,0,0,0,0,0,0,0,0,0,0,0,0,0,0,0,0,0,0,0,0,0,0,0,0,0,0,0,0,0,0,0,0,0,
29,0,0,0,0,0,0,0,0,0,0,0,0,0,0,0,0,0,0,0,0,0,0,0,0,0,0,0,0,0,0,0,0,0,0,0,44,0,0,0,
0,0,0,0,0,0,0,0,0,0,0,0,0,0,0,0,0,0,0,0,0,0,0,0,0,0,0,0,0,0,0,0,0,0,0,0,0,0,0,0,
0,0,0,0,0,0,0,0,0,0,0,0,0,0,0,0,0,0,0,0,0,0,0,0,0,0,0,0,0,0,0,0,0,0,0,0,0,0,0,0,
0,0,0,0,0,0,0,0,0,0,0,0,0,0,0,0,0,0,0,0,0,0,0,0,0,0,0,0,0,0,0,0,0,0,0,0,0,0,0,0,
0,0,0,0,0,0,0,0,0,0,0,0,0,0,32,0,0,0,0,0,0,0,0,0,0,0,0,0,0,0,0,0,0,0,0,0,0,0,0,0,
0,0,0,0,0,0,0,0,0,0,0,0,0,0,0,0,0,0,0,0,0,0,0,0,0,0,0,0,0,0,0,0,0,0,0,7,0,0,0,0,
0,0,0,0,0,0,0,0,0,0,0,0,0,0,0,0,0,0,0,0,0,0,0,0,0,0,0,0,0,0,0,0,0,0,0,30,4,4,4,35,
24,0,0,0,0,0,0,0,0,0,0,0,0,0,0,0,0,0,0,0,0,0,0,0,0,0,0,0,0,0,0,0,0,0,0,0,0,0,0,31,
5,0,0,0,0,0,0,0,0,0,0,0,0,0,0,0,0,0,0,0,0,0,0,0,0,0,0,0,0,0,0,0,0,0,0,0,0,0,0,31,
5,0,0,0,0,0,0,0,0,0,0,0,0,0,0,0,0,0,0,0,0,0,0,0,0,0,0,0,27,4,4,4,4,4,4,4,4,4,4,36,
5,0,0,0,0,0,0,0,0,32,0,0,0,0,0,0,0,0,0,32,0,0,0,0,0,0,0,0,22,0,0,0,0,0,0,0,0,0,0,31,
5,0,0,0,0,0,0,0,0,0,0,0,0,0,0,0,0,0,0,0,0,0,0,0,0,0,0,0,0,0,0,0,0,0,0,0,0,0,0,31,
15,8,0,0,0,0,0,0,0,0,0,0,0,0,0,0,0,0,0,0,0,0,0,0,0,0,0,0,0,0,0,0,0,0,0,0,0,0,0,31,
5,0,0,0,0,0,0,0,0,0,0,0,0,0,32,0,0,0,0,0,0,0,0,0,0,0,0,0,0,0,0,2,4,4,4,4,4,4,4,36,
5,0,0,0,0,0,0,0,0,0,0,0,0,0,0,0,0,0,0,0,0,0,0,0,0,0,0,0,0,0,0,0,0,0,0,0,0,0,0,31,
5,0,0,0,0,0,0,0,0,0,0,0,0,0,0,0,0,0,0,0,0,0,0,0,0,0,0,0,0,0,0,0,0,0,0,0,0,0,0,31,
5,0,0,0,0,0,0,0,0,0,0,0,0,0,0,0,0,0,0,0,0,0,0,0,0,0,0,0,0,0,0,0,0,0,0,0,0,0,0,31,
25,0,0,0,32,0,0,0,0,0,0,0,0,0,0,0,0,0,0,0,0,0,32,0,0,0,0,0,27,4,4,4,4,4,4,4,4,8,0,30,
0,0,0,0,0,0,0,0,0,0,0,0,0,0,0,0,0,0,0,0,0,0,0,0,0,0,0,0,31,0,0,0,0,0,0,0,0,0,0,0,
0,0,0,0,0,0,0,0,0,0,0,0,0,0,0,0,0,0,0,0,0,0,0,0,0,0,0,0,31,0,0,0,0,0,0,0,0,0,0,27,
0,0,0,0,0,0,0,0,0,0,0,0,0,0,32,0,0,0,0,0,0,0,0,0,0,0,0,0,31,0,0,0,0,0,0,0,0,0,0,31,
0,0,0,0,0,0,0,0,0,0,0,0,0,0,0,0,0,0,0,0,0,0,0,0,0,0,0,0,30,4,4,8,0,0,0,2,4,4,4,36,
0,0,0,0,0,0,0,0,0,0,0,0,0,0,0,0,0,0,0,0,0,0,0,0,0,0,0,0,0,0,0,0,0,0,0,0,0,0,0,31,
0,0,0,0,0,0,0,0,0,0,0,0,0,0,0,0,0,0,0,0,0,0,0,0,0,0,0,0,0,0,0,0,0,0,0,0,0,0,0,31,
0,0,0,0,0,0,0,0,0,0,0,0,0,0,0,0,0,0,0,0,0,0,0,0,0,0,0,0,0,0,0,0,0,0,0,0,0,0,2,36,
0,0,0,0,0,0,0,0,0,0,0,0,0,0,0,0,0,0,0,0,0,0,0,0,0,0,0,0,0,0,0,0,0,0,0,0,0,0,0,30,
0,0,0,0,0,0,0,0,0,0,0,0,0,0,0,0,0,0,0,0,0,0,0,0,0,0,0,0,0,0,0,0,0,0,0,0,0,0,0,0,
0,0,0,0,0,0,0,0,0,0,0,0,0,0,0,0,0,0,0,0,0,0,0,0,0,0,0,0,0,0,0,0,0,0,0,0,0,0,0,0,
0,0,0,7,0,0,0,0,0,0,0,0,0,0,0,0,0,0,0,0,0,0,0,0,0,0,0,0,0,0,0,0,0,0,0,0,0,0,0,0,
4,4,4,36,0,0,0,0,0,0,0,0,0,0,40,0,0,0,0,0,0,0,0,0,0,0,23,3,24,0,0,0,0,0,0,0,0,0,0,23,
2
Artifact 1.15.2
3042
896
1536
Artifact 1.15.1
3041
2432
2624
174
2018
256
3776
2018
320
3776
2018
384
3776
2018
448
3776
2018
512
3776
2018
576
3776
2018
640
3776
2018
704
3776
2018
768
3776
2018
832
3776
2018
896
3776
2018
960
3776
2018
1024
3776
2018
1088
3776
2018
1152
3776
2018
1216
3776
2018
1280
3776
2018
1344
3776
2018
1408
3776
2018
1472
3776
2018
1536
3776
2018
1600
3776
2018
1856
3776
2018
1920
3776
2018
1984
3776
2018
2048
3776
2018
2112
3776
2018
2176
3776
2037
1728
3648
2018
2240
3776
2018
2304
3776
2018
2368
3776
2018
2432
3776
2013
896
2624
2012
896
3008
2012
896
2944
2012
896
2880
2016
896
2816
2014
896
2752
2016
896
2368
2014
896
2176
2014
896
2240
2014
896
2240
2014
896
2304
2026
2304
448
2026
2304
512
2026
2304
576
2026
2304
640
2026
2304
704
2026
2304
768
2026
2304
832
2026
2304
896
2026
2304
960
2026
2304
1024
2026
2304
1088
2026
2304
1152
2026
2304
1216
2026
2304
1280
2026
2304
1344
2026
2304
1408
2026
2304
1472
2026
2304
1536
2026
2304
1600
2026
2304
2176
2019
2368
2240
2020
2432
2240
2021
2496
2240
2026
2304
2240
2011
2048
2688
2011
2304
2688
2014
2176
2496
2014
2176
2560
2016
2176
2624
2038
1856
3136
2026
2304
2112
2026
2304
2048
2026
2304
1984
2034
2304
1728
2034
2304
1792
2034
2304
1856
2026
2304
0
2764
1920
64
2026
2304
384
2026
2304
320
2034
2304
192
2034
2304
128
2016
2368
1472
2016
2496
1216
2016
2368
896
2016
2496
576
2012
2368
1536
2012
2496
1280
2012
2368
960
2012
2496
640
2014
2368
832
2014
2368
768
2014
2496
512
2014
2496
448
2014
2368
1408
2014
2496
1152
2014
2496
1088
2014
2496
1728
2016
2496
1792
2012
2496
1856
2012
2496
1920
2012
2496
1984
2012
2496
2048
2013
576
704
2013
448
896
2013
640
1088
2013
512
1344
2013
640
1600
2013
2176
896
2013
1984
512
2011
2112
576
2011
1600
1600
2038
768
1536
2011
1920
2432
2013
2112
2368
2013
1472
1216
2016
768
960
2014
768
896
2013
1152
640
2011
768
832
2038
64
1472
2038
64
960
2012
256
640
2016
256
576
2014
256
512
2014
256
448
2014
128
640
2014
128
704
2016
128
768
2012
128
832
2014
256
192
2016
256
256
2013
512
64
2013
1664
64
2011
768
128
2011
1088
128
2011
1408
128
2035
1856
2816
2036
896
1152
2002
2048
960
2003
2112
960
2008
512
2496
2007
2432
3136
2002
2368
3200
2009
1408
2944
2002
1856
3200
2002
2432
2688
2004
2304
2432
2003
2240
2432
2003
1088
1600
2002
1152
1600
2005
1984
128
2002
896
128
2002
960
128
2002
1536
128
2003
832
128
2003
1472
128
2002
2048
576
2008
192
2944
2002
0
3712
2002
2112
2944
2003
2048
2944
2002
320
128
2003
384
128
2002
1664
576
2003
1600
576
2035
1472
448
2011
1920
1280
2011
2048
1280
2000
0
3584
